  2.0000000e+000  4.1354214e+000  3.6000495e+000  2.8661819e+000  2.2670394e+000  2.7157967e+000  2.5900191e+000  2.3876180e+000  3.8804139e+000  3.8525294e+000  3.0104044e+000
  2.0000000e+000  1.9628149e+000  3.6374026e+000  2.1956867e+000  2.0436500e+000  3.9131434e+000  3.4923752e+000  3.6238907e+000  3.4722183e+000  4.8962329e+000  3.7578586e+000
  2.0000000e+000  2.9001039e+000  3.7273443e+000  4.5208102e+000  3.8675310e+000  2.6315559e+000  3.0720181e+000  2.6213162e+000  1.6064824e+000  3.5664479e+000  3.3003698e+000
  2.0000000e+000  3.6413128e+000  2.2530881e+000  2.0916607e+000  3.3507497e+000  1.5288586e+000  3.9240163e+000  3.9764818e+000  1.0062801e+000  5.7786647e+000  2.6826589e+000
  2.0000000e+000  2.7937633e+000  2.4012689e+000  2.4870850e+000  2.8652509e+000  2.7861042e+000  5.0006889e+000  3.4767816e+000  4.7622104e+000  3.4135821e+000  2.0737514e+000
  2.0000000e+000  2.7869658e+000  2.4281871e+000  2.6952478e+000  1.9758845e+000  4.0871392e+000  3.4658879e+000  4.0056150e+000  3.6953864e+000  2.7736726e+000  3.4469185e+000
  2.0000000e+000  2.3981589e+000  4.6354949e+000  4.1874230e+000  3.4746260e+000  1.0195352e+000  5.3283031e-001  4.3874863e+000  4.0315400e+000  3.3025196e+000  2.1451648e+000
  2.0000000e+000  3.0713570e+000  3.4717554e+000  2.4746774e+000  1.9354573e+000  2.5681465e+000  4.4448165e+000  3.4347212e+000  3.8833334e+000  2.9634420e+000  1.8680223e+000
  1.0000000e+000  1.8941183e+000  3.1317943e+000  6.1404848e-001  3.1623497e+000  3.5104530e+000  2.7754485e+000  5.0586058e+000  3.2433095e+000  3.1350840e+000  1.5790419e+000
  1.0000000e+000  4.1852152e+000  2.8821540e+000  2.5640731e+000  3.3649923e+000  3.8293116e+000  1.9292096e+000  2.6140354e+000  2.1728021e+000  3.8831627e+000  1.8142011e+000
  1.0000000e+000  2.9249669e+000  3.4218476e+000  3.1697318e+000  3.3974957e+000  3.1751210e+000  4.6869924e+000  2.3111105e+000  3.3613089e+000  3.9931655e+000 -1.8564621e-001
  2.0000000e+000  2.9756944e+000  1.9976615e+000  3.1102718e+000  4.5422286e+000  1.8403660e+000  2.9297777e+000  9.9131153e-001  2.7798760e+000  4.2741836e+000  8.1494848e-001
  2.0000000e+000  3.5987017e+000  2.0817305e+000  1.0554166e+000  1.7996072e+000  1.3784164e+000  1.6646386e+000  4.7166196e+000  4.1385118e+000  3.7084785e+000  2.8849569e+000
  2.0000000e+000  3.7218614e+000  1.9347703e+000  3.3664254e+000  3.2098970e+000  3.8396280e+000  1.5419309e+000  3.7427714e+000  2.5319358e+000  2.8077386e+000  4.0310445e+000
  2.0000000e+000  2.7507226e+000  3.1246097e+000  3.1053818e+000  2.7499591e+000  2.3574463e+000  2.6858282e+000  2.2559167e+000  1.6132884e+000  1.6033926e+000  4.4422347e+000
  2.0000000e+000  3.3634350e+000  4.8031557e+000  4.5239948e+000  2.5969609e+000  2.2920844e+000  1.9759476e+000  3.1888275e+000  3.2056553e+000  2.3647905e+000  5.1602423e+000
  2.0000000e+000  3.6537181e+000  3.8867245e+000  3.6269703e+000  2.9790600e+000  2.8611189e+000  3.5781609e+000  2.7838000e+000  1.6711263e+000  3.1063283e+000  2.7939154e+000
  2.0000000e+000  3.9618170e+000  4.9573931e+000  1.3111775e+000  2.9424768e+000  4.6352081e+000  2.6630705e+000  4.0400704e+000  1.9653695e+000  2.3228886e+000  4.6453585e+000
  1.0000000e+000  2.3194884e+000  2.9057723e+000  3.9914870e+000  2.2352455e+000  3.3338680e+000  1.6403913e+000  3.2549306e+000  1.6314457e+000  1.8551289e+000  3.9347069e+000
  2.0000000e+000  2.7022850e+000  1.8250175e+000  3.9229026e+000  4.5434354e+000  2.8726124e+000  4.2718717e+000  1.7792205e+000  1.4652696e+000  1.2021315e+000  3.8779541e+000
  2.0000000e+000  2.7308275e+000  4.0082497e+000  3.6854838e+000  2.7723065e+000  2.6791282e+000  2.9168083e+000  2.4764461e+000  3.4235307e+000  3.6684573e+000  3.6183142e+000
  2.0000000e+000  2.6737106e+000  3.5707734e+000  3.9373559e+000  7.6143289e-001  2.4997020e+000  3.4851585e+000  2.5742357e+000  2.5734999e+000  4.0923464e+000  2.6528607e+000
  2.0000000e+000  4.6757306e+000  2.8220604e+000  3.4840449e+000  2.6418011e+000  1.3063931e+000  4.5154898e+000  3.6938161e+000  4.3812513e+000  8.9446786e-001  2.5516154e+000
  2.0000000e+000  3.4621101e+000  2.4341875e+000  3.5712058e+000  3.5547444e+000  2.6690750e+000  3.9368834e+000  4.2381539e+000  4.0062325e+000  4.4514439e+000  2.5183036e+000
  2.0000000e+000  2.4040989e+000  4.5900829e+000  1.6764201e+000  2.1880145e+000  5.2118835e+000  1.3554085e+000  1.8262459e+000  3.8970438e+000  3.8300430e+000  1.4831802e+000
  2.0000000e+000  2.5302800e+000  3.4029722e+000  4.9281470e+000  3.0938112e+000  4.0143003e+000  2.0263956e+000  2.9537514e+000  1.9912929e+000  2.9439885e+000  4.3190555e+000
  2.0000000e+000  1.5297552e+000  4.1547583e+000  2.5268520e+000  2.4189647e+000  3.7624323e+000  3.3428441e+000  2.7250405e+000  3.3685464e+000  3.2918689e+000  3.8867283e+000
  2.0000000e+000  1.9669834e+000  4.2928137e+000  4.6800792e+000  2.8333877e+000  1.6176394e+000  2.8971869e+000  3.5331217e+000  3.6462793e+000  1.9188254e+000  2.6634251e+000
  2.0000000e+000  3.5436062e+000  3.0720555e+000  4.3083325e+000  2.3285468e+000  1.9977574e+000  4.0430922e+000  2.1043096e+000  2.5836072e+000  3.4011117e+000  3.3041693e+000
  1.0000000e+000  2.6441089e+000  2.6189838e+000  2.3543914e+000  2.2831370e+000  3.2312361e+000  3.0868463e+000  2.2528300e+000  3.4496714e+000  2.5834999e+000  2.8503950e+000
  2.0000000e+000  4.0529165e+000  3.0197735e+000  3.7008332e+000  2.1272936e+000  1.7617857e+000  2.2092760e+000  5.0336234e+000  3.3803002e+000  1.7279964e+000  4.5193936e+000
  2.0000000e+000  3.3556183e+000  2.0438979e+000  3.1168550e+000  2.5812645e+000  4.0524044e+000  2.2763746e+000  2.1186755e+000  1.9786304e+000  4.4989512e+000  3.1694408e+000
  1.0000000e+000  3.9638150e+000  3.3411572e+000  3.3423739e+000  4.8077515e+000  3.1580578e+000  3.4683410e+000  2.1933917e+000  2.7252887e+000  2.5106813e+000  3.0812988e+000
  2.0000000e+000  4.0210388e+000  3.4255415e+000  3.2435683e+000  4.4909173e+000  4.1170418e+000  3.5004080e+000  6.7196634e+000  3.6195642e+000  3.8581701e+000  2.4304453e+000
  2.0000000e+000  8.7184352e-001  4.7187550e+000  2.9479815e+000  3.7100244e+000  1.6760530e+000  2.3324429e+000  2.6885247e+000  3.8048225e+000  3.3720200e+000  2.5920265e+000
  2.0000000e+000  1.9505838e+000  2.9129076e-001  4.0128281e+000  3.8979438e+000  2.8979426e+000  4.5031222e+000  5.1377828e+000  3.0149871e+000  3.6296334e+000  1.1914065e+000
  2.0000000e+000  2.7570129e+000  3.5243339e+000  5.3702052e+000  1.6660764e+000  4.6285024e-001  3.5236645e+000  3.5114376e+000  3.0340138e+000  3.9540278e+000  3.5001889e+000
  1.0000000e+000  3.5537205e+000  2.7410385e+000  6.3609484e+000  4.0705211e+000  3.0078861e+000  2.7613493e+000  4.0283560e+000  2.0199808e+000  3.3757125e+000  2.5592482e+000
  2.0000000e+000  2.6577391e+000  3.3994809e+000  2.2854668e+000  3.5642702e+000  3.8132479e+000  1.9553621e+000  2.8742330e+000  5.1286648e+000  2.9929626e+000  3.2830903e+000
  2.0000000e+000  1.6509448e+000  1.2356931e+000  2.8890183e+000  4.9688646e+000  4.9369443e+000  1.7767330e+000  2.1809572e+000  2.5392255e+000  3.4349062e+000  3.1010490e+000
  2.0000000e+000  4.4455982e+000  5.1523240e+000  3.1138285e+000  4.1169267e+000  3.2392300e+000  2.8788325e+000  4.3630305e+000  2.7537898e+000  3.6052618e+000  3.9494264e+000
  2.0000000e+000  4.7345931e+000  2.6737592e+000  3.5819538e+000  2.5904436e+000  2.5876450e+000  3.9080763e+000  3.0462404e+000  3.4549004e+000  3.0648752e+000  2.9269064e+000
  2.0000000e+000  2.0862757e+000  3.3864546e+000  3.6530733e+000  4.4998314e+000  2.1223732e+000  2.9977802e+000  1.2305690e+000  2.5136626e+000  2.8902395e+000  3.4649561e+000
  2.0000000e+000  4.3641089e+000  1.7929066e+000  5.3421641e+000  2.2589563e+000  2.4635825e+000  4.3513715e+000  2.9001535e+000  2.9432014e+000  1.0423755e+000  2.8166497e+000
  2.0000000e+000  3.7763210e+000  2.8851150e+000  3.2567345e+000  2.4458755e+000  2.3093218e+000  3.6240077e+000  3.3866606e+000  4.7924291e+000  2.8833724e+000  2.6334570e+000
  1.0000000e+000  1.5654358e+000  3.1265574e+000  3.0974620e+000  3.2917354e+000  3.2298475e+000  1.2608278e+000  4.2744280e+000  3.0497771e+000  1.3904095e+000  2.6622957e+000
  2.0000000e+000  3.6444529e+000  1.4803256e+000  1.3081738e+000  4.7006819e+000  2.2119365e+000  2.4364408e+000  2.5909404e+000  3.9191945e+000  2.1984492e+000  2.7779000e+000
  2.0000000e+000  3.1142518e+000  2.9357129e+000  2.3632555e+000  3.2319987e+000  2.8193491e+000  2.4624972e+000  1.5215980e+000  3.4247776e+000  1.9125085e+000  3.2519509e+000
  2.0000000e+000  3.0712980e+000  4.3004408e+000  3.3163872e+000  3.7546882e+000  1.2521243e+000  3.6759421e+000  2.1772387e+000  2.2073816e+000  4.3891897e+000  2.7716925e+000
  2.0000000e+000  2.8979971e+000  3.9158861e+000  2.0944181e+000  1.8395242e+000  2.0287986e+000  3.1786372e+000  4.4377282e-001  3.2645511e+000  2.5335900e+000  1.7599525e+000
  2.0000000e+000  3.3269860e+000  1.4934888e+000  1.7112417e+000  2.5416756e+000  2.4379056e+000  2.0657904e+000  2.5229779e+000  3.4384972e+000  3.9053032e+000  2.8832044e+000
  1.0000000e+000  2.6217673e+000  2.1462716e+000  2.4348008e+000  2.7603798e+000  3.3662055e+000  1.6123186e+000  3.1126854e+000  2.5689581e+000  3.6566742e+000  7.6541367e-001
  2.0000000e+000  1.6449598e-001  2.7386793e+000  4.1257483e+000  2.7743558e+000  1.7078673e+000  3.5196521e+000  1.7880714e+000  5.1917950e+000  1.2564181e+000  1.8882785e+000
  2.0000000e+000  3.2442462e+000  4.1826917e+000  3.6231285e+000  4.8884546e+000  2.8251198e+000  2.4861664e+000  6.3860981e-001  2.9767408e+000  4.2994633e+000  3.7620119e+000
  1.0000000e+000  2.7031314e+000  2.6781846e+000  2.0470782e+000  4.6633342e+000  3.7092807e+000  2.3140322e+000  3.2207887e+000  4.0125621e+000  1.5531784e+000  3.5743942e+000
  2.0000000e+000  1.8994137e+000  2.9478309e+000  1.8755980e+000  1.0054720e+000  1.8439258e+000  3.8447109e+000  8.2002416e-001  3.4691849e+000  5.0451366e+000  3.0834835e+000
  1.0000000e+000  2.0788200e+000  2.7684702e+000  3.5364213e+000  4.0940618e+000  3.3579850e+000  1.5381512e+000  2.3865864e+000  2.5977721e+000  2.8359886e+000  2.2954631e+000
  2.0000000e+000  3.3501863e+000  6.1635389e-001  3.1962014e+000  3.5901905e+000  3.2358012e+000  3.0662607e+000  2.7950632e+000  4.1737618e+000  4.4610753e+000  2.8317949e+000
  1.0000000e+000  3.2025851e+000  2.2538862e+000  3.4816591e+000  4.9533096e+000  3.5952762e+000  3.9836088e+000  2.9474009e+000  2.5749714e+000  2.1417360e+000  4.6311052e+000
  2.0000000e+000  3.4213543e+000  4.0972230e+000  4.4568778e+000  3.6558457e+000  3.0068513e+000  3.3923018e+000  4.3673680e+000  3.4398055e+000  2.2521871e+000  3.5675179e+000
  2.0000000e+000  3.3273060e+000  2.8022632e+000  3.8160357e+000  3.3412426e+000  2.4418036e+000  4.9668789e+000  1.2178600e+000  2.5985941e+000  4.4927771e+000  2.2730192e+000
  2.0000000e+000  2.2782783e+000  3.1643439e+000  4.2332741e+000  2.7944790e+000  4.7255344e+000  3.1843507e+000  3.3505147e+000  4.2654285e+000  2.8810384e+000  3.1478906e+000
  2.0000000e+000  3.8594224e+000  2.2071784e+000  3.9319890e+000  1.8362944e+000  2.5613090e+000  4.7786513e+000  8.5081994e-001  2.6502691e+000  2.0766429e+000  3.6963899e+000
  2.0000000e+000  4.0736352e+000  4.2037040e+000  2.4035468e+000  3.7994470e+000  3.8087202e+000  3.1498791e+000  2.8020607e+000  2.4167486e+000  4.7355098e+000  3.2047635e+000
  2.0000000e+000  3.4164788e+000  3.3290921e+000  5.3291224e+000  3.7545511e+000  2.5149594e+000  4.6562331e+000  2.1438159e+000  2.5251762e+000  1.5407443e+000  2.8462940e+000
  2.0000000e+000  3.7764185e+000  3.9037420e+000  2.7642914e+000  2.3939046e+000  2.5404339e+000  4.9545090e+000  2.7056939e+000  1.2752003e+000  2.0688237e+000  3.8384275e+000
  2.0000000e+000  3.0458418e+000  2.3748753e+000  3.8575285e+000  3.2758716e+000  1.6332673e+000  3.1124339e+000  4.6632723e+000  3.9618047e+000  3.6886349e+000  3.6607402e+000
  2.0000000e+000  2.8645974e+000  4.8652274e+000  3.0156657e+000  1.9695767e+000  2.3768447e+000  3.4990420e+000  1.5790253e+000  3.7399491e+000  2.0571868e+000  2.8828931e+000
  2.0000000e+000  1.5553529e+000  1.7502427e+000  3.7361175e+000  2.3468408e+000  1.6878664e+000  4.3893376e+000  2.9876923e+000  2.4375957e+000  2.5922119e+000  2.3802875e+000
  2.0000000e+000  2.4685864e+000  3.7452331e+000  1.8205146e+000  4.0426924e+000  2.0009913e+000  4.0246353e+000  8.2284881e-001  3.2719030e+000  1.3037851e-001  3.4988780e+000
  2.0000000e+000  3.6516331e+000  4.9420210e+000  3.9751963e+000  3.0785566e+000  3.1761759e+000  3.5506400e+000  2.3618588e+000  2.9209221e+000  3.2262959e+000  3.4949934e+000
  2.0000000e+000  1.6523705e+000  5.2626317e+000  2.5675771e+000  2.1160636e+000  1.8351798e+000  4.2514223e+000  3.1230542e+000  2.6436431e+000  2.7357630e+000  3.7722522e+000
  2.0000000e+000  4.2603606e+000  1.8180242e+000  3.5066471e+000  4.1278813e+000  2.9357256e+000  2.8676927e+000  3.5863766e+000  3.2962081e+000  1.5617466e+000  4.3149670e-001
  2.0000000e+000  2.4588913e+000  2.6669160e+000  1.5369161e+000  3.8288911e+000  1.9583055e+000  3.0501262e+000  2.1676049e+000  3.4251873e+000  1.6842239e+000  2.3429237e+000
  2.0000000e+000  1.5506598e+000  1.5466290e+000  3.9421229e+000  1.6212669e+000  1.4345186e+000  2.6638092e+000  1.7570900e+000  4.4277174e+000  4.2354465e+000  3.4374234e+000
  2.0000000e+000  1.8393073e+000  2.9819865e+000  2.4360414e+000  2.8573636e+000  1.4056633e+000  4.1798566e+000  2.8249822e+000  2.2202476e+000  3.9639964e+000  2.6850178e+000
  2.0000000e+000  3.0851570e+000  3.3830401e+000  1.2851053e+000  3.8949471e+000  4.0755085e+000  5.2842231e+000  3.9057796e+000  2.0267303e+000  3.5153814e+000  2.4706511e+000
  1.0000000e+000  2.3456361e+000  3.5842621e+000  1.1035497e+000  2.9156269e+000  3.7655287e+000  2.8652272e+000  4.6411204e+000  2.7630523e+000  1.5123157e+000  3.5160892e+000
  1.0000000e+000  4.7059318e+000  2.6595230e+000  2.5418123e+000  3.0330535e+000  3.4887282e+000  3.0964813e+000  4.1747337e+000  1.9073749e+000  4.4851572e+000  3.5995811e+000
  2.0000000e+000  3.1228825e+000  1.1103916e+000  3.1840981e+000  3.5768358e+000  1.7349073e+000  1.6967247e+000  5.3531292e+000  3.5097345e+000  2.4131310e+000  3.1887043e+000
  2.0000000e+000  3.0226555e+000  4.6639415e+000  3.8486148e+000  4.0396396e+000  4.9924312e+000  3.4649843e+000  4.7599452e+000  4.2447010e+000  3.6773516e+000  3.0454895e+000
  2.0000000e+000  3.8179102e+000  2.3368032e+000  2.5880472e+000  2.0031700e+000  2.6142159e+000  2.9357463e+000  4.4655037e+000  2.8618406e+000  4.2211795e-001  3.9145463e+000
  1.0000000e+000  2.8578292e+000  3.7338579e+000  1.5303188e+000  1.2568415e+000  3.6442359e+000  1.9644314e+000  3.0155880e+000  1.1167175e+000  3.8774746e+000  1.7919515e+000
  1.0000000e+000  1.7660113e+000  3.5328787e+000  2.0801996e+000  2.3793503e+000  3.2126839e+000  1.8158426e+000  2.3666200e+000  2.4008498e+000  3.6053684e+000  2.2031904e+000
  2.0000000e+000  4.0139402e+000  1.4494394e+000  3.1830336e+000  3.1621914e+000  3.7697224e+000  3.1312428e+000  2.5081329e+000  4.2869296e+000  1.0251918e+000  3.6344038e+000
  2.0000000e+000  3.3090954e+000  2.0373368e+000  3.3815595e+000  3.8057622e+000  3.7561137e+000  3.7428071e+000  3.9092990e+000 -2.0404117e-001  2.6135383e+000  1.8999082e+000
  2.0000000e+000  3.8568073e+000  8.3733035e-001  2.0306784e+000  3.5538297e+000  4.2751869e+000  4.2992712e+000  3.2234185e+000  4.0113335e+000  2.0632253e+000  3.3626025e+000
  1.0000000e+000  3.9686364e+000  3.1360517e+000  4.3722549e+000  1.4069179e+000  3.3652204e+000  2.3909830e+000  2.1161806e+000  2.8829674e+000  4.4422766e+000  3.9476456e+000
  2.0000000e+000  4.5417579e+000  2.6235867e+000  1.7738699e+000  2.7449348e+000  2.8287682e+000  2.3616675e+000  2.7695713e+000  2.7854618e+000  3.4074847e+000  2.1472428e+000
  2.0000000e+000  1.8023046e+000  3.5268505e+000  2.9079574e+000  2.3641569e+000  2.8242791e+000  1.7661239e+000  2.9359075e+000  3.4257036e+000  2.0870519e+000  3.2484200e+000
  1.0000000e+000  2.8581574e+000  3.5138379e+000  2.3679643e+000  1.5342243e+000  3.0379832e+000  3.6783330e+000  1.3335982e+000  4.0050085e+000  2.1919904e+000  3.4149850e+000
  1.0000000e+000  1.0474742e+000  3.5810093e+000  4.2859077e+000  1.7513068e+000  3.3146709e+000  2.1764719e+000  1.4622654e+000  1.8737991e+000  3.2491119e+000  3.1205832e+000
  1.0000000e+000  8.9774405e-001  2.8339878e+000  3.0767607e+000  2.7600533e+000  3.0504427e+000  1.0702034e+000  3.6503713e+000  3.1904070e+000  2.1022487e+000  2.9583444e+000
  2.0000000e+000  2.5399931e+000  3.7042553e+000  3.2312677e+000  2.6819298e+000  2.4157191e+000  3.2891333e+000  2.6445107e+000  3.3041278e+000  2.3037698e+000  3.8393872e+000
  2.0000000e+000  5.4556256e-001  4.7058096e+000  3.0623205e+000  3.6277080e+000  2.4510644e+000  2.3664301e+000  4.1388212e+000  1.9660411e+000  3.6059066e+000  1.1197731e+000
  2.0000000e+000  4.0968729e+000  2.8967129e+000  1.5803857e+000  3.6120508e+000  2.8135091e+000  3.4298957e+000  4.4220993e+000  2.3758990e+000  3.2902269e+000  5.5744953e+000
  2.0000000e+000  2.8004031e+000  4.0659307e+000  3.5593068e+000  1.3018626e+000  3.4901520e+000  1.3746080e+000  2.2039729e+000  2.1408500e+000  2.0359232e+000  1.8090275e+000
  2.0000000e+000  4.9686119e+000  3.5504992e+000  4.7212830e+000  2.3245336e+000  3.9718154e+000  1.8225588e+000  3.4883992e+000  2.0099964e+000  2.9245692e+000  2.6007519e+000
  2.0000000e+000  4.9662235e+000  3.3638610e+000  3.0016890e+000  2.2089584e+000  2.6360136e+000  2.8933642e+000  1.5926605e+000  2.9014394e+000  4.1089201e+000  1.3936631e+000
  2.0000000e+000  2.3043298e+000  2.2293656e+000  3.4061505e+000  2.2552027e+000  2.1708425e+000  2.2275976e+000  2.9128540e+000  3.9422381e+000  3.4306384e+000  1.8129509e+000
