  2.0000000e+000  5.0688373e+000  3.1403378e+000  1.2891084e+000  5.7634216e-001  2.7268616e+000  1.9103920e+000  4.6027145e+000  3.3621920e+000  4.0253170e+000  2.8503988e+000
  2.0000000e+000  4.5426593e+000  2.5859775e+000  4.1604586e+000  3.4542063e+000  4.4436954e+000  4.0238492e+000  3.1987725e+000  2.9734490e+000  2.6177713e+000  1.6957015e+000
  2.0000000e+000  3.0368775e+000  4.1267346e+000  1.5688752e+000  2.8205028e+000  4.0847037e+000  1.5465750e+000  2.7657077e+000  4.1374901e+000  2.3959145e+000  4.1420818e+000
  2.0000000e+000  3.3027869e+000  1.7263549e+000  4.6496685e+000  2.8014238e+000  2.9564756e+000  4.3533222e+000  4.5761969e+000  3.9006536e+000  4.7096847e+000  3.9380404e+000
  2.0000000e+000  2.3654088e+000  3.0060969e+000  2.2492359e+000  2.4649830e+000  2.0416729e+000  4.4541987e+000  1.8127373e+000  2.4133717e+000  1.8173708e+000  3.0851434e+000
  2.0000000e+000  2.7739369e+000  2.5290374e+000  3.1626539e+000  9.8176281e-001  2.9546809e+000  3.9060529e+000  4.7940013e+000  5.8913947e+000  2.0460897e+000  2.1928838e+000
  2.0000000e+000  2.4705690e+000  2.6956842e+000  2.2652492e+000  3.2809853e+000  5.4415406e+000  1.8963013e+000  5.0379076e+000  3.3178736e+000  2.6337245e+000  3.2799677e+000
  2.0000000e+000  2.5604719e+000  2.5904312e+000  2.0026738e+000  2.2065848e+000  7.8255993e-001  1.7809797e+000  2.0549056e+000  2.9738383e+000  2.9928553e+000  1.6859608e+000
  2.0000000e+000  3.2262202e+000  2.0166239e+000  3.1861294e+000  2.5771315e+000  1.3274516e+000  1.7960005e+000  4.1778747e+000  2.0219016e+000  1.7237110e+000  1.5847779e+000
  1.0000000e+000  3.7935123e+000 -1.0134041e-001  3.0881147e+000  3.3181992e+000  3.1187590e+000  3.0578466e+000  2.6514664e+000  4.5277245e+000  1.3918027e+000  2.4248071e+000
  2.0000000e+000  4.1984798e+000  4.6962982e+000  1.6341140e+000  1.1494679e+000  4.9802639e+000  4.8094835e+000  3.6076800e+000  2.6411160e+000  3.2928414e+000  2.8616235e+000
  2.0000000e+000  3.9575864e+000  2.9025602e+000  3.3396418e-001  1.9807348e+000  2.3258660e+000  2.3749735e+000  1.8660643e+000  1.6101164e+000  2.6151125e+000  2.8727727e+000
  1.0000000e+000  3.0927076e+000  3.1834260e+000  2.8172024e+000  3.0024721e+000  3.9164937e+000  3.3148443e+000  2.7707531e+000  2.4530878e+000  2.9732205e+000  2.7194755e+000
  2.0000000e+000  2.9417525e+000  3.6244450e+000  2.1986380e+000  3.5653640e+000  2.2468433e+000  1.8445962e+000  3.1432742e+000  2.7354436e+000  3.4582330e+000  3.5724686e+000
  2.0000000e+000  2.4842819e+000  3.0000364e+000  4.1447528e+000  2.6819740e+000  2.7925845e+000  2.9724401e+000  1.1247051e+000  5.1014963e+000  1.1013836e+000  4.7618301e+000
  1.0000000e+000  3.1483349e+000  1.9972445e+000  3.1164802e+000  3.5937479e+000  3.5067915e+000  3.7657981e+000  4.1783068e+000  4.2124571e+000  3.1713603e+000  3.9280634e+000
  2.0000000e+000  1.4716582e+000  2.6373779e+000  4.5374240e+000  2.5195089e+000  2.2143479e+000  2.5033731e+000  3.0220174e+000  3.0569200e+000  3.9676369e+000  3.9462226e+000
  2.0000000e+000  5.0051948e+000  3.4000968e+000  4.8739081e+000  3.2368677e+000  3.1527610e+000  1.8155679e+000  1.8333060e+000  2.6277355e+000  2.6917317e+000  3.7055580e+000
  2.0000000e+000  2.1161768e+000  3.8202634e+000  1.4496538e+000  2.1737669e+000  2.1035479e+000  2.8987477e+000  3.7978567e+000  2.1943035e+000  2.9061298e+000  2.7778904e+000
  2.0000000e+000  2.9020079e+000  4.1573564e+000  4.5019988e+000  1.7909717e+000  3.0840764e+000  2.4594815e+000  3.0017344e+000  2.5042356e+000  3.7030245e+000  1.7596495e+000
  1.0000000e+000  2.5550686e+000  3.2059225e+000  2.8886693e+000  4.5032438e+000  3.1561691e+000  3.1096927e+000  1.7764847e+000  3.3395930e+000  3.8094073e+000  2.2661083e+000
  2.0000000e+000  3.0868999e+000  2.7870654e+000  2.9127632e+000  3.3838964e+000  2.0179548e+000  1.7270246e+000  1.4509174e+000  2.9708531e+000  2.3621892e+000  3.1667526e+000
  1.0000000e+000  2.9588282e+000  2.0389917e+000  2.2862184e+000  2.7516876e+000  3.6838588e+000  2.7508840e+000  3.6571727e+000  3.3310636e+000  3.6453461e+000  1.5511126e+000
  2.0000000e+000  2.4087506e+000  2.2365800e+000  2.8845648e+000  3.0763044e+000  2.7625617e+000  4.7853781e+000  3.2624440e+000  3.1009800e+000  3.7169522e+000  4.4249309e+000
  2.0000000e+000  3.2806954e+000  2.2584843e+000  3.7094421e+000  3.5211601e+000  2.7460000e+000  2.4000138e+000  2.3720192e+000  2.7644773e+000  3.1327460e+000  2.4372042e+000
  1.0000000e+000  2.3357831e+000  2.4923775e+000  2.5356065e+000  2.6371348e+000  3.6089704e+000  4.1438908e+000  3.4084175e+000  1.7524286e+000  2.1586270e+000  2.2080390e+000
  2.0000000e+000  2.6799140e+000  3.0501311e+000  1.8872856e+000  2.6293040e+000  3.1455549e+000  3.6308238e+000  4.3437037e+000  3.8630457e+000  4.6362582e+000  1.4035235e+000
  1.0000000e+000  2.2268269e+000  3.5559962e+000  2.2158984e+000  3.6102280e+000  3.1036824e+000  3.1632049e+000  2.4937013e+000  1.7194495e+000  2.6277492e+000  3.2202099e+000
  2.0000000e+000  2.6272634e+000  4.5654863e+000  2.2850106e+000  3.4087306e+000  5.2665799e+000  4.1579803e+000  3.5926223e+000  3.7255311e+000  3.5031764e+000  3.6501154e+000
  2.0000000e+000  1.7608887e+000 -5.3955946e-001  5.4207348e+000  3.0396382e+000  1.2939407e+000  1.4062412e+000  3.8634063e+000  3.3271446e+000  3.0116330e+000  4.3135450e+000
  1.0000000e+000  3.9379960e+000  3.8197426e+000  2.5829095e+000  4.9953928e+000  3.0730961e+000  2.2498033e+000  2.4745137e+000  2.3204379e+000  3.8830637e+000  2.9545087e+000
  2.0000000e+000  3.9622991e+000  2.8744562e+000  3.9703354e+000  3.8098366e+000  4.7794740e+000  2.2538237e+000  3.3419287e+000  3.0536896e+000  2.6999862e+000  3.0463045e+000
  2.0000000e+000  2.6365909e+000  9.3089729e-001  3.2658461e+000  2.9256642e+000  1.4375505e+000  1.3473604e+000  2.5514536e+000  2.6969116e+000  3.9273896e+000  1.0639350e+000
  2.0000000e+000  2.1530859e+000  4.4095784e+000  3.6216757e+000  3.8451064e+000  2.9807186e+000  2.0171732e+000  5.3973550e-001  3.3933456e+000  2.2950856e+000  3.0431002e+000
  1.0000000e+000  3.2158390e+000  1.3252792e+000  3.5569672e+000  3.4423560e+000  3.0808565e+000  3.7560767e+000  3.6047017e+000  1.9221120e+000  3.6892530e+000  2.4392315e+000
  2.0000000e+000  2.8520133e+000  3.0590748e+000  1.3315278e+000  3.5634374e+000  3.8447108e+000  4.1466104e+000  2.7557958e+000  1.3918565e+000  3.2505433e+000  2.9719734e+000
  2.0000000e+000  5.1781386e+000  2.9925479e+000  3.1021218e+000  1.3967296e+000  2.8594004e+000  4.1909215e-001  3.7250568e+000  2.7833622e+000  2.5675039e+000  3.9438940e+000
  2.0000000e+000  3.1158498e+000  2.3866537e+000  3.4977111e+000  7.5251854e-001  4.4353144e+000  1.9435417e+000  2.9009752e+000  4.6125922e+000  3.1744464e+000  1.9623097e+000
  2.0000000e+000  3.2570879e+000  2.8586876e+000  4.2423953e+000  3.6781994e+000  2.5264460e+000  1.9150402e+000  2.8007538e+000  1.8996943e+000  4.1985248e+000  1.2591284e+000
  2.0000000e+000  3.9480078e+000  4.9056382e+000  4.7780708e+000  2.9890379e+000  3.3238990e+000  4.0370179e+000  3.6212939e+000  1.7970726e+000  3.7497950e+000  1.3320345e+000
  2.0000000e+000  3.0511817e+000  3.7100388e+000  2.2656805e+000  4.2870643e+000  1.3204297e+000  2.4108279e+000  3.9188729e+000  1.3063654e+000  1.3062561e+000  3.0344739e+000
  2.0000000e+000  1.6322142e+000  4.3625931e+000  4.8136550e+000  1.0984867e+000  3.8113330e+000  3.2428236e+000  3.6159189e+000  2.9267082e+000  3.4315938e+000  1.8687472e+000
  2.0000000e+000  1.5446700e+000  3.2482222e+000  3.2426840e+000  8.6280020e-001  1.6187466e+000  3.2647836e+000  4.2132668e+000  3.1532033e+000  3.4334288e+000  4.6725111e+000
  2.0000000e+000  2.9162321e+000  2.8497001e+000  3.8022981e+000  3.6633165e+000  2.5213879e+000  3.8238754e+000  4.2198409e+000  7.7726958e-001  3.7145871e+000  3.2957238e+000
  2.0000000e+000  1.9577503e+000  3.2180559e+000  1.9558318e+000  1.9257363e+000  5.2158948e+000  3.6905874e+000  2.2360952e+000  3.4307264e+000  7.1329832e-001  2.6423935e+000
  2.0000000e+000  4.2859691e+000  2.5815364e+000  2.4747636e+000  2.7080479e+000  2.1147054e+000  2.4073462e+000  4.4873243e+000  2.9681052e+000  1.3821069e+000  2.3672434e+000
  1.0000000e+000  2.3177310e+000  3.2680992e+000  3.7980438e+000  2.5004009e+000  3.4293329e+000  3.5826539e+000  2.4991126e+000  4.3195533e+000  1.7117663e-001  3.4837407e+000
  2.0000000e+000  1.6516404e+000  3.3033842e+000  2.2916279e+000  2.3276082e+000  1.3670536e+000  3.3424257e+000  2.4302258e+000  5.1837315e+000  1.8635100e+000  1.2526989e+000
  1.0000000e+000  3.4544602e+000  4.3968361e+000  2.8046655e+000  2.0720189e+000  3.3209477e+000  7.5261998e-001  3.6588117e+000  3.1144937e+000  6.9001823e-001  4.3742368e+000
  2.0000000e+000  1.8176260e+000  2.0619334e+000  2.0800926e+000  2.7741573e+000  4.7599922e+000  3.9338365e+000  3.3254656e+000  3.7966117e+000  1.0493982e+000  2.4091519e+000
  2.0000000e+000  2.9648480e+000  2.5014053e+000  3.4456077e+000  2.7992322e+000  1.7554595e+000  2.8705697e+000  4.3288405e+000  4.3179025e+000  5.4482505e+000  3.9459959e+000
  1.0000000e+000  2.0286367e+000  3.2702695e+000  3.4088824e+000  1.9035327e+000  3.2701474e+000  2.4524401e+000  3.2439783e+000  3.2931539e+000  1.4542022e+000  3.3246577e+000
  1.0000000e+000  2.7833992e+000  3.5068929e+000  3.7575172e+000  4.0217593e+000  3.1421973e+000  3.4453792e+000  2.5524918e+000  3.0833364e+000  2.2267427e+000  2.6589254e+000
  1.0000000e+000  3.8564824e+000  3.0447754e+000  2.9919702e+000  2.8254765e+000  3.4166024e+000  1.7155797e+000  3.2687302e+000  2.4091234e+000  2.7188126e+000  1.8723526e+000
  2.0000000e+000  3.6907225e+000  2.5129666e+000  2.5165761e+000  3.3851141e+000  2.2232306e+000  2.0998464e+000  1.0172538e+000  3.5093604e+000  3.9474009e+000  3.0076236e+000
  2.0000000e+000  2.6838157e+000  3.3470222e+000  2.3881311e+000  4.6117080e+000  2.9329240e+000  2.5336516e+000  3.1462586e+000  3.6999302e+000  2.7518638e+000  3.0259184e+000
  2.0000000e+000  3.6483360e+000  3.7065722e+000  3.4478789e+000  2.1240990e+000  4.2435120e+000  2.3397606e+000  4.1713099e+000  3.4592557e+000  1.5481054e+000  3.2200061e+000
  2.0000000e+000  1.3702008e+000  3.5747179e+000  2.9682767e+000  2.3221068e+000  2.4352254e+000  2.9200705e+000  2.9140974e+000  3.4669736e+000  4.2979326e+000  7.2287574e-001
  2.0000000e+000  3.4879888e+000  2.6712627e+000  2.1463641e+000  1.4375428e+000  3.6718089e+000  3.9039740e+000  4.5874135e+000  3.2994717e+000  3.0963655e+000  2.6442592e+000
  2.0000000e+000  3.6567149e+000  1.1192048e+000  1.5781546e+000  3.2437507e+000  3.2534242e+000  3.1905958e+000  1.0670620e+000  2.5827135e+000  3.2218791e+000  1.9645012e+000
  2.0000000e+000  2.3096797e+000  1.6769055e+000  2.8851627e+000  2.6617360e+000  2.4939927e+000  3.9669473e+000  4.3651853e+000  3.9348858e+000  2.3585973e+000  2.1179421e+000
  2.0000000e+000  3.2028440e+000  1.7482731e+000  4.1009309e+000  4.7086210e+000  3.2766389e+000  3.9677264e+000  2.8837897e+000  1.9449343e+000  1.7322854e+000  2.8768349e+000
  2.0000000e+000  4.1332793e+000  4.7772536e+000  2.7347682e+000  1.9326514e+000  2.0210048e+000  2.7591870e+000  1.7958497e+000  1.7735122e+000  4.0351387e+000  2.5266726e+000
  2.0000000e+000  3.1301071e+000  3.1133119e+000  1.7062146e+000  2.5294437e+000  3.9152804e+000  2.6395988e+000  3.2700952e+000  2.7620017e+000  2.5032676e+000  3.8175074e+000
  2.0000000e+000  3.2343122e+000  2.7289017e+000  2.1342661e+000  3.1626378e+000  2.3927948e+000  2.4716623e+000  3.2323865e+000  3.2264060e+000  1.8972271e+000  2.1042832e+000
  1.0000000e+000  3.3209990e+000  2.7692026e+000  2.5606424e+000  4.3604843e+000  3.3327647e+000  3.4162569e+000  3.4562442e+000  2.4047834e+000  4.4905893e+000  3.0163178e+000
  1.0000000e+000  1.3658434e+000  3.2743593e+000  3.8502357e+000  3.1068646e+000  3.2281684e+000  1.5750455e+000  4.1346137e+000  2.3541081e+000  2.0980675e+000  2.3908870e+000
  2.0000000e+000  2.8011664e+000  4.0417306e+000  1.7764386e+000  3.7650719e+000  3.2887389e+000  1.8216028e+000  4.2300126e+000  3.1743548e+000  2.0833779e+000  3.2652359e+000
  2.0000000e+000  3.3584422e+000  8.4585525e-001  1.4369458e+000  2.9960100e+000  2.3677801e+000  1.6816578e+000  3.4151457e+000  3.8671697e+000  2.7809674e+000  1.6047129e+000
  1.0000000e+000  1.9496453e+000  4.1134286e+000  3.3472314e+000  1.8483556e+000  3.1825054e+000  3.1611661e+000  3.1157781e+000  3.9268634e+000  2.6822898e+000  3.1809411e+000
  2.0000000e+000  3.1364764e+000  3.3854061e+000  2.0589935e+000  1.1272285e+000  4.5832514e+000  2.6093317e+000  3.3757077e+000  2.1029934e+000  3.4261106e+000  2.8878916e+000
  2.0000000e+000  4.3554458e+000  5.9028555e-001  3.1233571e+000  1.2008669e+000  2.3865056e+000  3.3280243e+000  9.6134605e-001  2.9451993e+000  3.0075285e+000  3.1115614e+000
  2.0000000e+000  1.5834685e+000  2.9398391e+000  3.7845235e+000  3.7049664e+000  3.8590881e+000  3.4165720e+000  2.9978017e+000  2.6784796e+000  1.0715833e+000  1.9469598e+000
  2.0000000e+000  3.1248243e+000  4.8478714e+000  4.5050999e+000  2.5170512e+000  3.7423257e+000  5.8840892e+000  2.5285667e+000  4.5643725e+000  1.4616632e+000  1.7425850e+000
  2.0000000e+000  4.1028581e+000  2.3291296e+000  3.1133803e+000  5.0998881e+000  7.6816721e-001  2.9794327e+000  3.8812998e+000  3.7179888e+000  1.7399020e+000  1.1789552e+000
  2.0000000e+000  4.3212824e+000  2.4403258e+000  3.3177131e+000  4.3660626e+000  3.5306480e+000  1.9104552e+000  1.0543920e+000  4.2210172e+000  3.6865524e+000  2.3401786e-001
  2.0000000e+000  2.5848872e+000  5.0349014e+000  3.5066907e+000  4.2219952e+000  2.5796036e+000  3.7704882e+000  2.9847453e+000  3.9207028e+000  3.5285174e+000  2.7899594e+000
  2.0000000e+000  3.4497269e+000  1.1778864e+000  2.2329917e+000  4.3600991e+000  3.9936664e+000  3.6314056e+000  2.4283294e+000  1.8119087e+000  4.7388182e+000  2.4796921e+000
  1.0000000e+000  2.0906186e+000  3.5885254e+000  3.7265146e+000  4.5817889e+000  3.2520001e+000  3.7285747e+000  2.9719600e+000  3.3766616e+000  2.9569949e+000  2.4033398e+000
  2.0000000e+000  2.0929667e+000  2.5738700e+000  2.4049789e+000  1.4059933e+000  4.0064465e+000  3.5443818e+000  4.3792172e+000  3.9913888e+000  4.9595794e+000  1.6787997e+000
  2.0000000e+000  2.5907862e+000  1.4424670e+000  9.3578020e-001  2.5558080e+000  2.4744111e+000  2.4249506e+000  3.8853702e+000  1.6098607e+000  3.4663321e+000  1.3619819e+000
  1.0000000e+000  2.4394487e+000  1.6766101e+000  3.0723143e+000  1.8323047e+000  3.7303937e+000  2.7294436e+000  2.8625990e+000  2.0636768e+000  3.7090215e+000  2.1411085e+000
  2.0000000e+000  9.9226235e-001  3.0194920e+000  3.6760175e+000  2.6742610e+000  1.5795947e+000  3.8753952e+000  1.7266687e+000  3.4790843e+000  2.3769896e+000  2.8215235e+000
  2.0000000e+000  5.1805383e+000  4.2621583e+000  5.9561486e+000  3.1894184e+000  3.7952038e+000  2.5753479e+000  3.1098768e+000  1.1743225e+000  2.9531999e+000  3.2893031e+000
  1.0000000e+000  4.3499713e+000  3.0298950e+000  2.5251023e+000  3.8515513e+000  3.0136094e+000  2.8257497e+000  3.8773634e+000  3.6100248e+000  3.2469103e+000  2.8141579e+000
  1.0000000e+000  2.4774062e+000  4.1468718e+000  3.5897796e+000  3.7474037e+000  3.3806264e+000  3.8200953e+000  2.0164886e+000  3.9160522e+000  3.4942099e+000  3.6111489e+000
  2.0000000e+000  1.6395189e+000  2.4403673e+000  1.8517870e+000  3.1273213e+000  1.1508197e+000  1.6415554e+000  3.5945817e+000  1.3410464e+000  2.4152478e+000  4.2981345e+000
  1.0000000e+000  3.3972927e+000  2.3400728e+000  3.7855695e+000  1.9702091e+000  3.5792316e+000  3.9406914e+000  2.5504631e+000  2.9110603e+000  3.1941008e+000  2.6271548e+000
  1.0000000e+000  6.5732799e-001  3.3459763e+000  2.6048836e+000  4.5745324e+000  3.6334332e+000  1.2912581e+000  2.9865783e+000  4.0033929e+000  1.0206690e+000  1.8726542e+000
  2.0000000e+000  2.8366548e+000  2.0492761e+000  4.6073350e+000  2.9348840e+000  2.6582858e+000  3.8415774e+000  2.7758827e+000  2.7839250e+000  2.7510875e+000  3.0863718e+000
  2.0000000e+000  1.6969112e+000  7.3410442e-001  4.1813028e+000  2.8691827e+000  2.2195997e+000  3.5755867e+000  4.0770627e+000  2.3971565e+000  1.0069366e+000  1.3283016e+000
  2.0000000e+000  3.2034064e+000  3.2808437e+000  1.5806100e+000  3.8463771e+000  3.8985738e+000  2.0646281e+000  3.0180124e+000  2.5112429e+000  2.9925078e+000  3.8833986e+000
  2.0000000e+000  2.5766281e+000  3.8601254e+000  6.4878970e-002  4.1737969e+000  1.7209079e+000  2.3847618e+000  4.2481974e+000  2.7759472e+000  1.6937981e+000  4.8026903e+000
  2.0000000e+000  1.5809520e+000  2.9391031e+000  1.4838125e+000  3.9540077e+000  4.4404502e+000  1.8698134e+000  2.7179615e+000  1.4226507e+000  1.1097344e+000  1.9425843e+000
  1.0000000e+000  2.8099337e+000  2.6152715e+000  2.9887791e+000  3.6533389e+000  3.2945808e+000  3.5177553e+000  3.0165427e+000  3.3725735e+000  3.2354361e+000  3.1012893e+000
  2.0000000e+000  5.3620223e+000  2.7222856e+000  2.5965054e+000  2.8812848e+000  2.7124168e+000  4.5672353e+000  3.8789505e+000  3.4062037e+000  2.0914162e+000  1.7277374e+000
  2.0000000e+000  1.4372855e+000  2.4894075e+000  2.9238048e+000  2.6315129e+000  6.1867693e+000  4.4232473e+000  4.8510931e+000  2.9365161e+000  4.0504395e+000  2.0638035e+000
  1.0000000e+000  4.3049096e+000  1.8931881e+000  2.0810018e+000  2.4838479e+000  3.1251075e+000  2.3844308e+000  3.4647919e+000  1.8096476e+000  1.4688009e+000  2.2801741e+000
  2.0000000e+000  3.0188852e+000  4.7099096e+000  1.8622972e+000  3.6404489e+000  1.4646027e+000  2.1691882e+000  2.6765852e+000  3.6943663e+000  3.1252646e+000  2.8426788e+000
  2.0000000e+000  3.7256854e+000  1.8995100e+000  4.0813166e+000  1.8676158e+000  3.2975607e+000  1.0805679e+000  2.7805422e+000  4.3284038e+000  2.7017165e+000  4.7808253e+000
